#Light_Coordinates
250 -3 -36 1 0.911765 0
66 3 87 0.0245098 1 0.627018
129 -5 -109 1 0.0784314 0.0784314
237 0 -75 0.0911188 1 0.0343137
85 -3 8 0.5 0.5 0.5
50 0 20 0.5 0.5 0.5
50 0 20 0.5 0.5 0.5
50 0 20 0.5 0.5 0.5
#Cube_Coordinates
50 -15 -50 0.5 0.5 0.5 100 2.488 100 Assests/grd.jpg
50 -3 74 0.5 0.5 0.5 32.836 2 28.368 Assests/grd.jpg
57 9 118 0.5 0.5 0.5 20.408 2.498 37.313 Assests/grd.jpg
175 -16 -2 0.5 0.5 0.5 70.15 2 59.214 Assests/grd.jpg
125 -12 -124 0.5 0.5 0.5 21.393 2 34.826 Assests/grd.jpg
231 -6 -47 0.5 0.5 0.5 24.876 2 20.408 Assests/grd.jpg
204 -3 -89 0.5 0.5 0.5 52.736 2 23.383 Assests/grd.jpg
1 -9 0 0.5 0.5 0.5 11.443 2 12.438 Assests/grd.jpg
#Key_Coordinates
132 -10 -36 0.545559 0.955882 0.0171569 1 1 1 
134 -8 -120 0.97549 0.97549 0.97549 1 1 1 
70 16 131 0 1 1 1 1 1 
#Enemy_Coordinates
128 0 20 0.5 0.5 0.5 2 2 2 
200 0 20 0.5 0.5 0.5 2 2 2 
43.4525 -0.912505 -18.4597 0.5 0.5 0.5 2 2 2 
#Machine_Coordinates
65 15 153 -4.729 
#Gate_Coordinates
228 -15 52 117 
