#Light_Coordinates
50 10.48162 17.4173 0.814202 0.5 0.5
39 24.0165 20.6836 0.992846 0.5 0.5
31 -3.15376 26.9029 0.63118 0.5 0.5
50 12.22578 34.705 0.699287 0.5 0.5
28 -8.88052 33.2853 1 0.00490195 0.00490195
50 -12.8144 27.9208 0.814202 0.5 0.5
39 -6.62687 32.271 0.992846 0.5 0.5
31 16.6862 17.4173 0.63118 0.5 0.5
50 -8.6706 22.7773 0.699287 0.5 0.5
28 -1.51164 39.6932 1 0.00490195 0.00490195
50 -2.5537 25.1288 0.814202 0.5 0.5
39 5.8719 29.479 0.992846 0.5 0.5
31 24.2757 24.0165 0.63118 0.5 0.5
50 -1.61878 19.3308 0.699287 0.5 0.5
28 4.21486 36.0561 1 0.00490195 0.00490195
#Cube_Coordinates
50 10.33971 34.4451 0.5 0.5 0.5 2 2 2
32 -1.93768 22.6129 0.5 0.5 0.5 59.596 2 44.444
44 0.45763 32.6958 0.446078 0.446078 0.446078 61.596 43.434 2
24 5.31503 30.1119 0.754902 0.754902 0.754902 51.01 4.545 41.919
50 4.26812 28.6063 0.5 0.5 0.5 43.434 2.525 32.323
50 -0.594 25.9177 0.5 0.5 0.5 2 2 2
44 -0.28651 32.3083 0.5 0.5 0.5 2 2 2
31 4.93878 25.6657 0.5 0.5 0.5 2 2 2
28 16.754 16.1775 0.5 0.5 0.5 2 2 2
50 -4.85308 30.2166 0.5 0.5 0.5 19.11