#Light_Coordinates
67 -7 -25 1 0.911765 0
63 -7 -15 0.0245098 1 0.627018
192.857 0 27.143 1 0.0784314 0.0784314
66.667 16.19 143.81 0.0911188 1 0.0343137
#Cube_Coordinates
50 -15 -50 0.5 0.5 0.5 100 2.488 100 2
50 -3.731 74.726 0.5 0.5 0.5 32.836 2 28.368 2
57.463 9.05 118.159 0.5 0.5 0.5 20.408 2.498 37.313 2
175.175 -16 -2 0.5 0.5 0.5 70.15 2 59.214 2
125 -12 -124 0.5 0.5 0.5 21.393 2 34.826 2
231.592 -6.219 -47.165 0.5 0.5 0.5 24.876 2 20.408 2
#Key_Coordinates
206.044 -7 27.473 1 1 1 1 1 1 
50 -7 -16 0.97549 0.97549 0.97549 1 1 1 
140 -5 -107 0.5 0.5 0.5 1 1 1 
#Enemy_Coordinates
50 0 20 0.5 0.5 0.5 2 2 2 
203.595 0 20 0.5 0.5 0.5 2 2 2 
