#Light_Coordinates
50 10.21007 40.3749 0.814202 0.5 0.5 
39 2.15322 55.1982 0.992846 0.5 0.5 
31 34.0759 37.9717 0.63118 0.5 0.5 
50 -18.4462 41.6577 0.699287 0.5 0.5 
28 -17.2096 56.6397 1 0.00490195 0.00490195
#Cube_Coordinates
50 9.61469 39.4787 0.5 0.5 0.5 2 2 2 2
32 -2.327 31.0527 0.5 0.5 0.5 59.596 2 44.444 2
44 -3.36932 40.6054 0.446078 0.446078 0.446078 61.596 43.434 2 2
24 3.82038 34.7852 0.754902 0.754902 0.754902 51.01 4.545 41.919 2
50 3.67387 33.2776 0.5 0.5 0.5 43.434 2.525 32.323
50 -1.87316 30.163 0.5 0.5 0.5 2 2 2 2
44 0.67551 36.5704 0.5 0.5 0.5 2 2 2 2
31 3.4722 32.0882 0.5 0.5 0.5 2 2 2 1
28 15.4523 24.9226 0.5 0.5 0.5 2 2 2 1
50 2.26974 20.2468 0.5 0.5 0.5 19.118 1.51 17.647 1
50 16.5293 2.48955 0.5 0.5 0.5 6.862 1.962 46.078 1