#Light_Coordinates
197 0 22 1 0 0
200 0 69 1 0 0
90 -7 43 0.882353 1 0
26 -6 43 0.5 0.5 0.5
-140 -7 41 0.965686 0.946751 0.946751
#Cube_Coordinates
157 -18 21 0.5 0.5 0.5 100 2 45.771 Assests/background.jpg
2 -13 -6 0.5 0.5 0.5 100 3.493 100 Assests/background.jpg
-88 0 34 0.5 0.5 0.5 41.791 2 20.398 Assests/ground2.jpg
-170 -11 98 0.5 0.5 0.5 52.238 0.507 37.313 Assests/ground2.jpg
-165 -14 20 0.5 0.5 0.5 50.746 2 44.279 Assests/ground2.jpg
-129 0 189 0.5 0.5 0.5 41.791 2 37.313 Assests/ground2.jpg
#Key_Coordinates
-148 -5 43 0.0588231 0 1 1 1 1 
195 -13 43 0.911765 1 0 1 1 1 
46 -5 43 0.0755479 0.642157 0 1 1 1 
-145 -2 115 0 1 1 1 1 1 
-142 12.758 43 1 0.676471 0 1 1 1 
-104 8 211 0 0.676471 1 1 1 1 
#Enemy_Coordinates
67 1 78 0.5 0.5 0.5 2 2 2 
69 0 8 0.5 0.5 0.5 2 2 2 
4 1 2 0.5 0.5 0.5 2 2 2 
21 1 79 0.5 0.5 0.5 2 2 2 
182 0 43 0.5 0.5 0.5 2 2 2 
-27 20 45 0.5 0.5 0.5 2 2 2 
#Machine_Coordinates
-122 -5 117 -3.125 
#Gate_Coordinates
250 -17 46 179 
#Player_Position
-104.118 21 204.763 0.646499 -0.425779 -0.633049 
