#Light_Coordinates
92.857 0 20 1 0.882353 0
73.81 0 20 0.931373 0.931373 0.931373
73.81 0 -13.333 0.823529 1 0
95.238 0 -8.571 0.5 0.5 0.5
83.333 0 43.81 0.5 0.5 0.5
83.333 -2.857 -87.143 0.5 0.5 0.5
50 0 20 0.5 0.5 0.5
#Cube_Coordinates
64.975 -16.463 -11 0.5 0.5 0.5 37.313 3.493 100 Assests/grd.jpg
78.358 -14.925 -113.184 0.5 0.5 0.5 11.94 2.488 100 Assests/grd.jpg 
50.995 -14.926 -200.249 0.5 0.5 0.5 66.667 2 89.055 Assests/grd.jpg
55.97 -12.438 -116.816 0.5 0.5 0.5 2 2 2 Assests/grd.jpg
#Key_Coordinates
85.165 -5.495 2.747 0 1 1 1 1 1 
52.198 -8.242 -200.549 1 1 1 1 1 1 
52.198 -8.242 -167.582 1 1 1 1 1 1 
#Enemy_Coordinates
115.36 0 20 0.5 0.5 0.5 2 2 2 
50 0 20 0.5 0.5 0.5 2 2 2 
#Machine_Coordinates
116.562 -9.417 -144.292 -3.125 
#Gate_Coordinates
80 -15 85 89.062 
