#Light_Coordinates
50 10 20 0.5 0.5 0.5
50 10 20 0 1 0.5
50 10 20 0 0 0.5
30 -2 20 0 0.823529 1
50 10 200 0 1 0.5
50 0 -3 0 1 1
50 0 37 0.5 1 0.5
50 -2 19 1 0 0
31 56.219 46.517 1 0 0
50 10 20 0.5 0.5 0.5
50 10 20 0 1 0.5
50 10 20 0 0 0.5
30 -2 20 0 0.823529 1
50 10 200 0 1 0.5
50 0 -3 0 1 1
50 0 37 0.5 1 0.5
50 -2 19 1 0 0
31 56.219 46.517 1 0 0
10 10 20 0.5 0.5 0.5
10 10 20 0 1 0.5
10 10 20 0 0 0.5
20 -2 20 0 0.823529 1
10 10 200 0 1 0.5
10 0 -3 0 1 1
10 0 37 0.5 1 0.5
10 -2 19 1 0 0
41 56.219 46.517 1 0 0
20 10 20 0.5 0.5 0.5
20 10 20 0 1 0.5
20 10 20 0 0 0.5
40 -2 20 0 0.823529 1
20 10 200 0 1 0.5
20 0 -3 0 1 1
20 0 37 0.5 1 0.5
20 -2 19 1 0 0
51 56.219 46.517 1 0 0
30 10 20 0.5 0.5 0.5
30 10 20 0 1 0.5
30 10 20 0 0 0.5
50 -2 20 0 0.823529 1